NodeID NodeType IfIndex Up Delay Bw DnodeID
0 0 1 1 1000 400000000000 64
1 0 1 1 1000 400000000000 64
2 0 1 1 1000 400000000000 64
3 0 1 1 1000 400000000000 64
4 0 1 1 1000 400000000000 64
5 0 1 1 1000 400000000000 64
6 0 1 1 1000 400000000000 64
7 0 1 1 1000 400000000000 64
8 0 1 1 1000 400000000000 65
9 0 1 1 1000 400000000000 65
10 0 1 1 1000 400000000000 65
11 0 1 1 1000 400000000000 65
12 0 1 1 1000 400000000000 65
13 0 1 1 1000 400000000000 65
14 0 1 1 1000 400000000000 65
15 0 1 1 1000 400000000000 65
16 0 1 1 1000 400000000000 66
17 0 1 1 1000 400000000000 66
18 0 1 1 1000 400000000000 66
19 0 1 1 1000 400000000000 66
20 0 1 1 1000 400000000000 66
21 0 1 1 1000 400000000000 66
22 0 1 1 1000 400000000000 66
23 0 1 1 1000 400000000000 66
24 0 1 1 1000 400000000000 67
25 0 1 1 1000 400000000000 67
26 0 1 1 1000 400000000000 67
27 0 1 1 1000 400000000000 67
28 0 1 1 1000 400000000000 67
29 0 1 1 1000 400000000000 67
30 0 1 1 1000 400000000000 67
31 0 1 1 1000 400000000000 67
32 0 1 1 1000 400000000000 68
33 0 1 1 1000 400000000000 68
34 0 1 1 1000 400000000000 68
35 0 1 1 1000 400000000000 68
36 0 1 1 1000 400000000000 68
37 0 1 1 1000 400000000000 68
38 0 1 1 1000 400000000000 68
39 0 1 1 1000 400000000000 68
40 0 1 1 1000 400000000000 69
41 0 1 1 1000 400000000000 69
42 0 1 1 1000 400000000000 69
43 0 1 1 1000 400000000000 69
44 0 1 1 1000 400000000000 69
45 0 1 1 1000 400000000000 69
46 0 1 1 1000 400000000000 69
47 0 1 1 1000 400000000000 69
48 0 1 1 1000 400000000000 70
49 0 1 1 1000 400000000000 70
50 0 1 1 1000 400000000000 70
51 0 1 1 1000 400000000000 70
52 0 1 1 1000 400000000000 70
53 0 1 1 1000 400000000000 70
54 0 1 1 1000 400000000000 70
55 0 1 1 1000 400000000000 70
56 0 1 1 1000 400000000000 71
57 0 1 1 1000 400000000000 71
58 0 1 1 1000 400000000000 71
59 0 1 1 1000 400000000000 71
60 0 1 1 1000 400000000000 71
61 0 1 1 1000 400000000000 71
62 0 1 1 1000 400000000000 71
63 0 1 1 1000 400000000000 71
64 1 1 1 1000 400000000000 0
64 1 2 1 1000 400000000000 1
64 1 3 1 1000 400000000000 2
64 1 4 1 1000 400000000000 3
64 1 5 1 1000 400000000000 4
64 1 6 1 1000 400000000000 5
64 1 7 1 1000 400000000000 6
64 1 8 1 1000 400000000000 7
64 1 16 1 1000 400000000000 79
64 1 15 1 1000 400000000000 78
64 1 14 1 1000 400000000000 77
64 1 13 1 1000 400000000000 76
64 1 12 1 1000 400000000000 75
64 1 11 1 1000 400000000000 74
64 1 10 1 1000 400000000000 73
64 1 9 1 1000 400000000000 72
65 1 1 1 1000 400000000000 8
65 1 2 1 1000 400000000000 9
65 1 3 1 1000 400000000000 10
65 1 4 1 1000 400000000000 11
65 1 5 1 1000 400000000000 12
65 1 6 1 1000 400000000000 13
65 1 7 1 1000 400000000000 14
65 1 8 1 1000 400000000000 15
65 1 16 1 1000 400000000000 79
65 1 15 1 1000 400000000000 78
65 1 14 1 1000 400000000000 77
65 1 13 1 1000 400000000000 76
65 1 12 1 1000 400000000000 75
65 1 11 1 1000 400000000000 74
65 1 10 1 1000 400000000000 73
65 1 9 1 1000 400000000000 72
66 1 3 1 1000 400000000000 18
66 1 2 1 1000 400000000000 17
66 1 1 1 1000 400000000000 16
66 1 4 1 1000 400000000000 19
66 1 5 1 1000 400000000000 20
66 1 6 1 1000 400000000000 21
66 1 7 1 1000 400000000000 22
66 1 8 1 1000 400000000000 23
66 1 16 1 1000 400000000000 79
66 1 15 1 1000 400000000000 78
66 1 14 1 1000 400000000000 77
66 1 13 1 1000 400000000000 76
66 1 12 1 1000 400000000000 75
66 1 11 1 1000 400000000000 74
66 1 10 1 1000 400000000000 73
66 1 9 1 1000 400000000000 72
67 1 1 1 1000 400000000000 24
67 1 2 1 1000 400000000000 25
67 1 3 1 1000 400000000000 26
67 1 4 1 1000 400000000000 27
67 1 5 1 1000 400000000000 28
67 1 6 1 1000 400000000000 29
67 1 7 1 1000 400000000000 30
67 1 8 1 1000 400000000000 31
67 1 16 1 1000 400000000000 79
67 1 15 1 1000 400000000000 78
67 1 14 1 1000 400000000000 77
67 1 13 1 1000 400000000000 76
67 1 12 1 1000 400000000000 75
67 1 11 1 1000 400000000000 74
67 1 10 1 1000 400000000000 73
67 1 9 1 1000 400000000000 72
68 1 1 1 1000 400000000000 32
68 1 2 1 1000 400000000000 33
68 1 3 1 1000 400000000000 34
68 1 4 1 1000 400000000000 35
68 1 5 1 1000 400000000000 36
68 1 6 1 1000 400000000000 37
68 1 7 1 1000 400000000000 38
68 1 8 1 1000 400000000000 39
68 1 16 1 1000 400000000000 79
68 1 15 1 1000 400000000000 78
68 1 14 1 1000 400000000000 77
68 1 13 1 1000 400000000000 76
68 1 12 1 1000 400000000000 75
68 1 11 1 1000 400000000000 74
68 1 10 1 1000 400000000000 73
68 1 9 1 1000 400000000000 72
69 1 1 1 1000 400000000000 40
69 1 2 1 1000 400000000000 41
69 1 3 1 1000 400000000000 42
69 1 4 1 1000 400000000000 43
69 1 5 1 1000 400000000000 44
69 1 6 1 1000 400000000000 45
69 1 7 1 1000 400000000000 46
69 1 8 1 1000 400000000000 47
69 1 16 1 1000 400000000000 79
69 1 15 1 1000 400000000000 78
69 1 14 1 1000 400000000000 77
69 1 13 1 1000 400000000000 76
69 1 12 1 1000 400000000000 75
69 1 11 1 1000 400000000000 74
69 1 10 1 1000 400000000000 73
69 1 9 1 1000 400000000000 72
70 1 1 1 1000 400000000000 48
70 1 2 1 1000 400000000000 49
70 1 3 1 1000 400000000000 50
70 1 4 1 1000 400000000000 51
70 1 5 1 1000 400000000000 52
70 1 6 1 1000 400000000000 53
70 1 7 1 1000 400000000000 54
70 1 8 1 1000 400000000000 55
70 1 16 1 1000 400000000000 79
70 1 15 1 1000 400000000000 78
70 1 14 1 1000 400000000000 77
70 1 13 1 1000 400000000000 76
70 1 12 1 1000 400000000000 75
70 1 11 1 1000 400000000000 74
70 1 10 1 1000 400000000000 73
70 1 9 1 1000 400000000000 72
71 1 1 1 1000 400000000000 56
71 1 2 1 1000 400000000000 57
71 1 3 1 1000 400000000000 58
71 1 4 1 1000 400000000000 59
71 1 5 1 1000 400000000000 60
71 1 6 1 1000 400000000000 61
71 1 7 1 1000 400000000000 62
71 1 8 1 1000 400000000000 63
71 1 16 1 1000 400000000000 79
71 1 15 1 1000 400000000000 78
71 1 14 1 1000 400000000000 77
71 1 13 1 1000 400000000000 76
71 1 12 1 1000 400000000000 75
71 1 11 1 1000 400000000000 74
71 1 10 1 1000 400000000000 73
71 1 9 1 1000 400000000000 72
72 1 12 1 1000 400000000000 83
72 1 11 1 1000 400000000000 82
72 1 10 1 1000 400000000000 81
72 1 9 1 1000 400000000000 80
72 1 8 1 1000 400000000000 71
72 1 7 1 1000 400000000000 70
72 1 6 1 1000 400000000000 69
72 1 5 1 1000 400000000000 68
72 1 4 1 1000 400000000000 67
72 1 3 1 1000 400000000000 66
72 1 2 1 1000 400000000000 65
72 1 1 1 1000 400000000000 64
73 1 12 1 1000 400000000000 83
73 1 11 1 1000 400000000000 82
73 1 10 1 1000 400000000000 81
73 1 9 1 1000 400000000000 80
73 1 8 1 1000 400000000000 71
73 1 7 1 1000 400000000000 70
73 1 6 1 1000 400000000000 69
73 1 5 1 1000 400000000000 68
73 1 4 1 1000 400000000000 67
73 1 3 1 1000 400000000000 66
73 1 2 1 1000 400000000000 65
73 1 1 1 1000 400000000000 64
74 1 12 1 1000 400000000000 83
74 1 11 1 1000 400000000000 82
74 1 10 1 1000 400000000000 81
74 1 9 1 1000 400000000000 80
74 1 8 1 1000 400000000000 71
74 1 7 1 1000 400000000000 70
74 1 6 1 1000 400000000000 69
74 1 5 1 1000 400000000000 68
74 1 4 1 1000 400000000000 67
74 1 3 1 1000 400000000000 66
74 1 2 1 1000 400000000000 65
74 1 1 1 1000 400000000000 64
75 1 12 1 1000 400000000000 83
75 1 11 1 1000 400000000000 82
75 1 10 1 1000 400000000000 81
75 1 9 1 1000 400000000000 80
75 1 8 1 1000 400000000000 71
75 1 7 1 1000 400000000000 70
75 1 6 1 1000 400000000000 69
75 1 5 1 1000 400000000000 68
75 1 4 1 1000 400000000000 67
75 1 3 1 1000 400000000000 66
75 1 2 1 1000 400000000000 65
75 1 1 1 1000 400000000000 64
76 1 12 1 1000 400000000000 83
76 1 11 1 1000 400000000000 82
76 1 10 1 1000 400000000000 81
76 1 9 1 1000 400000000000 80
76 1 8 1 1000 400000000000 71
76 1 7 1 1000 400000000000 70
76 1 6 1 1000 400000000000 69
76 1 5 1 1000 400000000000 68
76 1 4 1 1000 400000000000 67
76 1 3 1 1000 400000000000 66
76 1 2 1 1000 400000000000 65
76 1 1 1 1000 400000000000 64
77 1 12 1 1000 400000000000 83
77 1 11 1 1000 400000000000 82
77 1 10 1 1000 400000000000 81
77 1 9 1 1000 400000000000 80
77 1 8 1 1000 400000000000 71
77 1 7 1 1000 400000000000 70
77 1 6 1 1000 400000000000 69
77 1 5 1 1000 400000000000 68
77 1 4 1 1000 400000000000 67
77 1 3 1 1000 400000000000 66
77 1 2 1 1000 400000000000 65
77 1 1 1 1000 400000000000 64
78 1 12 1 1000 400000000000 83
78 1 11 1 1000 400000000000 82
78 1 10 1 1000 400000000000 81
78 1 9 1 1000 400000000000 80
78 1 8 1 1000 400000000000 71
78 1 7 1 1000 400000000000 70
78 1 6 1 1000 400000000000 69
78 1 5 1 1000 400000000000 68
78 1 4 1 1000 400000000000 67
78 1 3 1 1000 400000000000 66
78 1 2 1 1000 400000000000 65
78 1 1 1 1000 400000000000 64
79 1 12 1 1000 400000000000 83
79 1 11 1 1000 400000000000 82
79 1 10 1 1000 400000000000 81
79 1 9 1 1000 400000000000 80
79 1 8 1 1000 400000000000 71
79 1 7 1 1000 400000000000 70
79 1 6 1 1000 400000000000 69
79 1 5 1 1000 400000000000 68
79 1 4 1 1000 400000000000 67
79 1 3 1 1000 400000000000 66
79 1 2 1 1000 400000000000 65
79 1 1 1 1000 400000000000 64
80 1 8 1 1000 400000000000 79
80 1 7 1 1000 400000000000 78
80 1 6 1 1000 400000000000 77
80 1 5 1 1000 400000000000 76
80 1 4 1 1000 400000000000 75
80 1 3 1 1000 400000000000 74
80 1 2 1 1000 400000000000 73
80 1 1 1 1000 400000000000 72
81 1 8 1 1000 400000000000 79
81 1 7 1 1000 400000000000 78
81 1 6 1 1000 400000000000 77
81 1 5 1 1000 400000000000 76
81 1 4 1 1000 400000000000 75
81 1 3 1 1000 400000000000 74
81 1 2 1 1000 400000000000 73
81 1 1 1 1000 400000000000 72
82 1 8 1 1000 400000000000 79
82 1 7 1 1000 400000000000 78
82 1 6 1 1000 400000000000 77
82 1 5 1 1000 400000000000 76
82 1 4 1 1000 400000000000 75
82 1 3 1 1000 400000000000 74
82 1 2 1 1000 400000000000 73
82 1 1 1 1000 400000000000 72
83 1 8 1 1000 400000000000 79
83 1 7 1 1000 400000000000 78
83 1 6 1 1000 400000000000 77
83 1 5 1 1000 400000000000 76
83 1 4 1 1000 400000000000 75
83 1 3 1 1000 400000000000 74
83 1 2 1 1000 400000000000 73
83 1 1 1 1000 400000000000 72
